20	19

0	CST	historical_monuments	3
0 3 9999 9999 9999 9999 9999 2 4 3 9999 9999 9999 9999 9999 9999 9999 9999 9999 9999
0 4 9999 9999 9999 9999 9999 3 5 4 9999 9999 9999 9999 9999 9999 9999 9999 9999 9999
0 50 9999 9999 9999 9999 9999 40 60 50 9999 9999 9999 9999 9999 9999 9999 9999 9999 9999

1	Gateway_of_India	historical_monuments	3
3 0 2 9999 9999 9999 9999 9999 9999 9999 3 4 5 9999 9999 9999 9999 9999 9999 9999 
3 0 3 9999 9999 9999 9999 9999 9999 9999 4 5 6 9999 9999 9999 9999 9999 9999 9999
30 0 40 9999 9999 9999 9999 9999 9999 9999 50 60 70 9999 9999 9999 9999 9999 9999 9999

2	Marine_Drive	natural_masterpieces	4
9999 2 0 3 9999 9999 9999 9999 9999 9999 9999 9999 9999 1 9999 9999 9999 9999 9999 9999 
9999 3 0 3 9999 9999 9999 9999 9999 9999 9999 9999 9999 2 9999 9999 9999 9999 9999 9999
9999 40 0 30 9999 9999 9999 9999 9999 9999 9999 9999 9999 3 9999 9999 9999 9999 9999 9999

3	EsselWorld	man_made_wonders	4
9999 9999 3 0 5 9999 9999 9999 9999 9999 9999 9999 9999 9999 3 4 9999 9999 9999 9999 
9999 9999 4 0 6 9999 9999 9999 9999 9999 9999 9999 9999 9999 4 5 9999 9999 9999 9999 
9999 9999 50 0 70 9999 9999 9999 9999 9999 9999 9999 9999 9999 50 60 9999 9999 9999 9999 

4	RCityMall	shopping	5
9999 9999 9999 5 0 5 9999 9999 9999 9999 9999 9999 9999 9999 9999 9999 4 3 9999 9999 
9999 9999 9999 6 0 6 9999 9999 9999 9999 9999 9999 9999 9999 9999 9999 5 4 9999 9999 
9999 9999 9999 70 0 70 9999 9999 9999 9999 9999 9999 9999 9999 9999 9999 60 50 9999 9999 

5	PhoenixMarketcity	man_made_wonders	4
9999 9999 9999 9999 5 0 6 9999 9999 9999 9999 9999 9999 9999 9999 9999 9999 9999 6 9999
9999 9999 9999 9999 6 0 7 9999 9999 9999 9999 9999 9999 9999 9999 9999 9999 9999 7 9999
9999 9999 9999 9999 70 0 80 9999 9999 9999 9999 9999 9999 9999 9999 9999 9999 9999 80 9999

6	Infiniti	shopping	4
9999 9999 9999 9999 9999 6 0 9999 9999 9999 9999 9999 9999 9999 9999 9999 9999 9999 9999 7 
9999 9999 9999 9999 9999 7 0 9999 9999 9999 9999 9999 9999 9999 9999 9999 9999 9999 9999 8 
9999 9999 9999 9999 9999 80 0 9999 9999 9999 9999 9999 9999 9999 9999 9999 9999 9999 9999 90 

7	Viviana		shopping	4		
2 9999 9999 9999 9999 9999 9999 0 9999 9999 9999 9999 9999 9999 9999 9999 9999 9999 9999 9999  
3 9999 9999 9999 9999 9999 9999 0 9999 9999 9999 9999 9999 9999 9999 9999 9999 9999 9999 9999  
40 9999 9999 9999 9999 9999 9999 0 9999 9999 9999 9999 9999 9999 9999 9999 9999 9999 9999 9999  

8	Elephanta	natural_masterpieces	4
4 9999 9999 9999 9999 9999 9999 9999 0 9999 9999 9999 9999 9999 9999 9999 9999 9999 9999 9999
5 9999 9999 9999 9999 9999 9999 9999 0 9999 9999 9999 9999 9999 9999 9999 9999 9999 9999 9999
60 9999 9999 9999 9999 9999 9999 9999 0 9999 9999 9999 9999 9999 9999 9999 9999 9999 9999 9999

9	ColabaCauseway	shopping	3
3 9999 9999 9999 9999 9999 9999 9999 9999 0 9999 9999 9999 9999 9999 9999 9999 9999 9999 9999
4 9999 9999 9999 9999 9999 9999 9999 9999 0 9999 9999 9999 9999 9999 9999 9999 9999 9999 9999
50 9999 9999 9999 9999 9999 9999 9999 9999 0 9999 9999 9999 9999 9999 9999 9999 9999 9999 9999

10	DhobiGhat	man_made_wonders	3
9999 3 9999 9999 9999 9999 9999 9999 9999 9999 0 9999 9999 9999 9999 9999 9999 9999 9999 99999  
9999 4 9999 9999 9999 9999 9999 9999 9999 9999 0 9999 9999 9999 9999 9999 9999 9999 9999 99999  
9999 50 9999 9999 9999 9999 9999 9999 9999 9999 0 9999 9999 9999 9999 9999 9999 9999 9999 99999  

11	Dharavi	man_made_wonders	2
9999 4 9999 9999 9999 9999 9999 9999 9999 9999 9999 0 3 9999 9999 9999 9999 9999 9999 9999 
9999 5 9999 9999 9999 9999 9999 9999 9999 9999 9999 0 4 9999 9999 9999 9999 9999 9999 9999 
9999 60 9999 9999 9999 9999 9999 9999 9999 9999 9999 0 50 9999 9999 9999 9999 9999 9999 9999 

12	KRustom		food	4
9999 5  9999 9999 9999 9999 9999 9999 9999 9999 9999  3 0 4 9999 9999 9999 9999 9999 9999 
9999 6  9999 9999 9999 9999 9999 9999 9999 9999 9999  4 0 5 9999 9999 9999 9999 9999 9999 
9999 70  9999 9999 9999 9999 9999 9999 9999 9999 9999  50 0 60 9999 9999 9999 9999 9999 9999 

13	Aram	food	3
9999 9999 1 9999 9999 9999 9999 9999 9999 9999 9999 9999 4 0 9999 9999 9999 9999 9999 9999 
9999 9999 2 9999 9999 9999 9999 9999 9999 9999 9999 9999 5 0 9999 9999 9999 9999 9999 9999 
9999 9999 30 9999 9999 9999 9999 9999 9999 9999 9999 9999 60 0 9999 9999 9999 9999 9999 9999 

14	Leopold	food	4
9999 9999 9999 3 9999 9999 9999 9999 9999 9999 9999 9999 9999 9999 0 1 9999 9999 9999 9999 
9999 9999 9999 4 9999 9999 9999 9999 9999 9999 9999 9999 9999 9999 0 2 9999 9999 9999 9999 
9999 9999 9999 50 9999 9999 9999 9999 9999 9999 9999 9999 9999 9999 0 30 9999 9999 9999 9999 

15	Gaylord	food	3
9999 9999 9999 4 9999 9999 9999 9999 9999 9999 9999 9999 9999 9999 1 0 9999 9999 9999 9999
9999 9999 9999 5 9999 9999 9999 9999 9999 9999 9999 9999 9999 9999 2 0 9999 9999 9999 9999
9999 9999 9999 60 9999 9999 9999 9999 9999 9999 9999 9999 9999 9999 30 0 9999 9999 9999 9999

16	ShreeMahalakshmiTemple	historical_monuments	5
9999 9999 9999 9999 4 9999 9999 9999 9999 9999 9999 9999 9999 9999 9999 9999 0 9999 9999 9999 
9999 9999 9999 9999 5 9999 9999 9999 9999 9999 9999 9999 9999 9999 9999 9999 0 9999 9999 9999 
9999 9999 9999 9999 60 9999 9999 9999 9999 9999 9999 9999 9999 9999 9999 9999 0 9999 9999 9999 

17	SanjayGandhiPark	natural_masterpieces	4
9999 9999 9999 9999 3 9999 9999 9999 9999 9999 9999 9999 9999 9999 9999 9999 9999 0 9999 9999 
9999 9999 9999 9999 4 9999 9999 9999 9999 9999 9999 9999 9999 9999 9999 9999 9999 0 9999 9999 
9999 9999 9999 9999 50 9999 9999 9999 9999 9999 9999 9999 9999 9999 9999 9999 9999 0 9999 9999 

18	JehangirArtGallery	man_made_wonders	3
9999 9999 9999 9999 9999 6 9999 9999 9999 9999 9999 9999 9999 9999 9999 9999 9999 9999 0 9999 
9999 9999 9999 9999 9999 7 9999 9999 9999 9999 9999 9999 9999 9999 9999 9999 9999 9999 0 9999 
9999 9999 9999 9999 9999 80 9999 9999 9999 9999 9999 9999 9999 9999 9999 9999 9999 9999 0 9999 

19	Naneghat	natural_masterpieces	5
9999 9999 9999 9999 9999 9999 7 9999 9999 9999 9999 9999 9999 9999 9999 9999 9999 9999 9999 0 
9999 9999 9999 9999 9999 9999 8 9999 9999 9999 9999 9999 9999 9999 9999 9999 9999 9999 9999 0 
9999 9999 9999 9999 9999 9999 90 9999 9999 9999 9999 9999 9999 9999 9999 9999 9999 9999 9999 0 
